#<#tasks> <#config> <#data> <#vms> <#buckets> <#bucket_ranges> <max_running_time> <max_financial_cost>
7	2	18	2	1	3	1000	999999

#<task_id> <activity_id> <task_type__0-VM__1-FX> <vm_cpu_time> <n_input> [<id_input>...] <n_output> [<id_output>...]
1	1	1	0.007393880346789960	1	[2]	1	[3]
2	1	1	0.034736894071102140	1	[4]	1	[5]
51	2	1	0.001330211991444230	1	[3]	3	[102,103,104]
52	2	1	0.002741056028753519	1	[5]	8	[105,106,107,108,109,110,111,112]
334	3	1	0.015263621928170323	11	[102,103,104,105,106,107,108,109,110,111,112]	1	[370]
335	3	1	0.015594760072417557	11	[102,103,104,105,106,107,108,109,110,111,112]	1	[376]
336	4	1	0.000227115000598132	2	[370,376]	1	[377]

#<data_id> <data_size> <read_time_avg> <write_time_avg> <is_static> <n_source_devices> [<device_id>...]
2	1662	0.1760552362000567	None	1	1	[denethor_bucket]
3	339	0.16688080059994945	0.05202108519989679	0	0	[denethor_bucket]
4	2666	0.06100303220005117	None	1	1	[denethor_bucket]
5	640	0.060781278600052245	0.05025177739997844	0	0	[denethor_bucket]
102	185	0.11205557669997006	0.05700322740003685	0	0	[denethor_bucket]
103	185	0.06345130610000069	0.04849068479999232	0	0	[denethor_bucket]
104	339	0.06625511690011762	0.048241228600045365	0	0	[denethor_bucket]
105	187	0.060097925199977455	0.04817303080006923	0	0	[denethor_bucket]
106	245	0.06806373590001158	0.050235765200034165	0	0	[denethor_bucket]
107	301	0.06457380260003447	0.0480074092000109	0	0	[denethor_bucket]
108	191	0.06373320259999674	0.05101527979999219	0	0	[denethor_bucket]
109	421	0.06540160079997577	0.056069726999999146	0	0	[denethor_bucket]
110	481	0.06620806459995947	0.049966527799983854	0	0	[denethor_bucket]
111	539	0.061178560300004396	0.04937625859998889	0	0	[denethor_bucket]
112	640	0.0636819481999737	0.04797672879999482	0	0	[denethor_bucket]
370	185	0.16065888700004508	0.05125976319998245	0	0	[denethor_bucket]
376	396	0.06610001759999022	0.04923938660006116	0	0	[denethor_bucket]
377	597	None	0.06046003359998622	0	0	[denethor_bucket]

#<vm1_cpu_slowdown> <vm2_cpu_slowdown>
1	0.5

#<vm1_storage> <vm2 _storage>
8192	8192

#<vm1_cost> <vm3_cost>
0.000005167	0.000018667

#<vm_id> <bandwidth>
1	1250
3	5000

#<task_id> <activity_id> <config_id> <task_cost> <task_time_total> <task_time_init> <task_time_cpu> <task_time_read> <task_time_write> <task_count>
1	1	1	0.00000191017009	0.82088	0.8464	0.35015039999997305	0.38546487000002116	0.08526473000000578	1
1	1	2	0.00000176637813	0.37593000000000004	0.0	0.17789082300017225	0.1520863890000328	0.045952787999794964	1
2	1	1	0.00000156983607	0.65752	0.0	0.4845471209999578	0.09353289900002437	0.07943998000001784	1
2	1	2	0.00000215525391	0.46926	0.0	0.3690433640000863	0.05465488700019705	0.045561748999716656	1
51	2	1	0.00000185114914	0.79255	0.8993	0.12158705399996848	0.4097573520000424	0.2612055939999891	1
51	2	2	0.00000180683655	0.38564	0.0	0.11234886399964727	0.13312915200003772	0.140161984000315	1
52	2	1	0.00000216371226	0.9425800000000001	0.0	0.16303706699998397	0.10097218000004204	0.678570752999974	1
52	2	2	0.00000230450421	0.50508	0.0	0.12316209499940857	0.05188945700001568	0.33002844800057574	1
334	3	1	0.00000544332299	2.51679	0.83809	0.5776162339999328	1.8545444430000089	0.08462932300005832	1
334	3	2	0.00000472875906	1.0869000000000002	0.0	0.3052998519999478	0.7395849340000495	0.04201521400000274	1
335	3	1	0.00000450390444	2.06587	0.0	0.5653158099996562	1.4239157670003806	0.07663842299996304	1
335	3	2	0.00000445559184	1.0213400000000001	0.0	0.30560455299904776	0.6714398890007942	0.04429555800015805	1
336	4	1	0.00000158491944	0.66476	0.7557200000000001	0.013543795000031196	0.5415243959999998	0.109691808999969	1
336	4	2	0.00000124866876	0.25168	0.0	0.017216350999809664	0.19074900800023897	0.04371464099995137	1

#<bucket_range_id> <size1_gb> <size2_gb> <cost_per_gb>
1	0	51200	0.0405
2	51200	460800	0.039
3	460800	99999999999999	0.037

