#<#tasks> <#config> <#data> <#devices_vms> <#buckets> <#ranges> <max_running_time> <max_financial_cost>
16	4	49	3	1	3	1000	999999

#<task_id> <task_type__0-VM__1-FX> <vm_cpu_time> <n_input> [<id_input>...] <n_output> [<id_output>...]
1	1	99999	1	[2]	1	[3]
2	1	99999	1	[4]	1	[5]
3	1	99999	1	[6]	1	[7]
4	1	99999	1	[8]	1	[9]
5	1	99999	1	[10]	1	[11]
51	1	99999	1	[3]	3	[102,103,104]
52	1	99999	1	[5]	8	[105,106,107,108,109,110,111,112]
53	1	99999	1	[7]	8	[113,114,115,116,117,118,119,120]
54	1	99999	1	[9]	7	[121,122,123,124,125,126,127]
55	1	99999	1	[11]	7	[128,129,130,131,132,133,134]
328	1	99999	33	[102,103,104,105,106,107,108,109,110,111,112,113,114,115,116,117,118,119,120,121,122,123,124,125,126,127,128,129,130,131,132,133,134]	1	[370]
329	1	99999	33	[102,103,104,105,106,107,108,109,110,111,112,113,114,115,116,117,118,119,120,121,122,123,124,125,126,127,128,129,130,131,132,133,134]	1	[371]
330	1	99999	33	[102,103,104,105,106,107,108,109,110,111,112,113,114,115,116,117,118,119,120,121,122,123,124,125,126,127,128,129,130,131,132,133,134]	1	[372]
331	1	99999	33	[102,103,104,105,106,107,108,109,110,111,112,113,114,115,116,117,118,119,120,121,122,123,124,125,126,127,128,129,130,131,132,133,134]	1	[373]
332	1	99999	33	[102,103,104,105,106,107,108,109,110,111,112,113,114,115,116,117,118,119,120,121,122,123,124,125,126,127,128,129,130,131,132,133,134]	1	[374]
333	1	99999	5	[370,371,372,373,374]	1	[375]

#<data_id> <data_size> <read_time_avg> <write_time_avg> <is_static> <n_source_devices> [<device_id>...]
2	1662	1.3418445159995827	None	1	1	[denethor_bucket]
3	339	0.6545235570000045	0.21304926099992372	0	0	[denethor_bucket]
4	2666	0.1726235999999517	None	1	1	[denethor_bucket]
5	640	0.11402719800000227	0.18343661000017164	0	0	[denethor_bucket]
6	2666	0.19306263699991177	None	1	1	[denethor_bucket]
7	640	0.11331116900001348	0.21834586900013164	0	0	[denethor_bucket]
8	3358	0.176885527000195	None	1	1	[denethor_bucket]
9	595	0.17941497499998604	0.19395152500010227	0	0	[denethor_bucket]
10	3213	0.20281023799998366	None	1	1	[denethor_bucket]
11	581	0.12161337400002026	0.20107600799974534	0	0	[denethor_bucket]
102	185	0.1447959210000022	0.12036098900000525	0	0	[denethor_bucket]
103	185	0.08363241019999919	0.11716919600002029	0	0	[denethor_bucket]
104	339	0.08366709480000055	0.11620382000000973	0	0	[denethor_bucket]
105	187	0.07928869660001396	0.12669103299998596	0	0	[denethor_bucket]
106	245	0.07772219259999816	0.10827685599997494	0	0	[denethor_bucket]
107	301	0.07895605940000223	0.10866353200000844	0	0	[denethor_bucket]
108	191	0.07374849659999541	0.10754469099998687	0	0	[denethor_bucket]
109	421	0.08971669639999505	0.11842778400000498	0	0	[denethor_bucket]
110	481	0.07907407959999091	0.10368219999998018	0	0	[denethor_bucket]
111	539	0.07905841300000134	0.11069320999999377	0	0	[denethor_bucket]
112	640	0.08071095779999951	0.09466194699999164	0	0	[denethor_bucket]
113	187	0.08237669480000136	0.10741615000000593	0	0	[denethor_bucket]
114	245	0.07467249719999246	0.08601249399998778	0	0	[denethor_bucket]
115	301	0.08044060899999864	0.11836438000000271	0	0	[denethor_bucket]
116	191	0.07554723080000372	0.11714914200001658	0	0	[denethor_bucket]
117	421	0.0802318656000125	0.09856646200000796	0	0	[denethor_bucket]
118	481	0.07817386319999287	0.09208376299997667	0	0	[denethor_bucket]
119	539	0.08153489160001186	0.20496087700001908	0	0	[denethor_bucket]
120	640	0.08396718260000284	0.11146991499998649	0	0	[denethor_bucket]
121	187	0.07742020279999338	0.11090056500000856	0	0	[denethor_bucket]
122	245	0.08124330179999788	0.1822464150000087	0	0	[denethor_bucket]
123	309	0.09026292879999574	0.1345561519999876	0	0	[denethor_bucket]
124	199	0.07309992479999324	0.0877986710000016	0	0	[denethor_bucket]
125	367	0.10217194579998932	0.1199952000000053	0	0	[denethor_bucket]
126	187	0.09124173559999349	0.10150056599999857	0	0	[denethor_bucket]
127	595	0.09169397839999648	0.1004335499999911	0	0	[denethor_bucket]
128	187	0.07774379779999663	0.11072334700000397	0	0	[denethor_bucket]
129	191	0.0784795822000035	0.10409596899998519	0	0	[denethor_bucket]
130	243	0.09338724200001139	0.11552055200002087	0	0	[denethor_bucket]
131	363	0.08246936760000381	0.11412340200001836	0	0	[denethor_bucket]
132	421	0.07415712020000456	0.09834588100000019	0	0	[denethor_bucket]
133	191	0.07695827639999493	0.10627135400000043	0	0	[denethor_bucket]
134	581	0.07958313039999894	0.11485812600000145	0	0	[denethor_bucket]
370	185	2.899821090000003	0.06880644400001756	0	0	[denethor_bucket]
371	5180	0.39873477900000864	0.09555466800000545	0	0	[denethor_bucket]
372	5134	0.3989295770000041	0.07669341999999801	0	0	[denethor_bucket]
373	355	0.41881818199999543	0.1061128720000113	0	0	[denethor_bucket]
374	355	0.37876317900000345	0.1231975799999816	0	0	[denethor_bucket]
375	10990	None	0.40223391700000377	0	0	[denethor_bucket]

#<vm1_cpu_slowdown> <vm2_cpu_slowdown> <vm3_cpu_slowdown>
1	0.8	0.75

#<vm1_storage> <vm2 _storage> <vm3_storage>
10000	10000	10000

#<vm1_cost> <vm2_cost> <vm3_cost>
1	1.3	1.5

#<vm_id> <bandwidth>
1	1000
2	1000
3	1000

#<task_id> <config_id> <task_time_total> <task_time_cpu> <task_time_read> <task_time_write>
1	2	1.6864700000000001	0.13157622300049365	1.3418445159995827	0.21304926099992372
2	2	0.61977	0.26370978999987665	0.1726235999999517	0.18343661000017164
3	2	0.68138	0.26997149399995657	0.19306263699991177	0.21834586900013164
4	2	0.70868	0.3378429479997027	0.176885527000195	0.19395152500010227
5	2	0.80414	0.400253754000271	0.20281023799998366	0.20107600799974534
51	3	1.11902	0.11076243799996019	0.6545235570000045	0.35373400500003527
52	3	1.10901	0.11634154900007093	0.11402719800000227	0.8786412529999268
53	3	1.16544	0.11610564799998338	0.11331116900001348	0.9360231830000032
54	3	1.13213	0.11528390600001262	0.17941497499998604	0.8374311190000014
55	3	1.00947	0.12391799499994932	0.12161337400002026	0.7639386310000305
328	4	3.46675	0.1996082440000846	3.198335311999898	0.06880644400001756
329	4	3.29028	0.4891746440000063	2.7055506879999887	0.09555466800000545
330	4	3.0773200000000003	0.5031988009999543	2.497427779000048	0.07669341999999801
331	4	3.26294	0.40571754800002535	2.7511095799999636	0.1061128720000113
332	4	3.1728899999999998	0.41597384199997645	2.633718578000042	0.1231975799999816
333	1	4.921939999999999	0.024639275999982033	4.495066807000014	0.40223391700000377

#<task_id> <config_id> <task_cost>
1	2	0.00000722697239
2	2	0.00000278238016
3	2	0.00000303908901
4	2	0.00000315283924
5	2	0.00000355059003
51	3	0.00000952518532
52	3	0.00000944176848
53	3	0.00000991201942
54	3	0.00000963443554
55	3	0.00000861226682
328	4	0.00005797928223
329	4	0.00005503810968
330	4	0.00005148876924
331	4	0.0000545824421
332	4	0.00005308160576
333	1	0.00001045406217

#<range_id> <size1> <size2> <cost>
1	0	51200	0.0405
2	51200	460800	0.039
3	460800	99999999999999	0.037

