#<#tasks> <#config> <#data> <#vms> <#buckets> <#bucket_ranges> <max_running_time> <max_financial_cost>
7	4	18	3	1	3	1000	999999

#<task_id> <activity_id> <task_type__0-VM__1-FX> <vm_cpu_time> <n_input> [<id_input>...] <n_output> [<id_output>...]
1	1	1	99999	1	[2]	1	[3]
2	1	1	99999	1	[4]	1	[5]
51	2	1	99999	1	[3]	3	[102,103,104]
52	2	1	99999	1	[5]	8	[105,106,107,108,109,110,111,112]
334	3	1	99999	11	[102,103,104,105,106,107,108,109,110,111,112]	1	[370]
335	3	1	99999	11	[102,103,104,105,106,107,108,109,110,111,112]	1	[376]
336	4	1	99999	2	[370,376]	1	[377]

#<data_id> <data_size> <read_time_avg> <write_time_avg> <is_static> <n_source_devices> [<device_id>...]
2	1662	0.9670551115000023	None	1	1	[denethor_bucket]
3	339	0.445358516500022	0.31435530850001214	0	0	[denethor_bucket]
4	2666	0.30742569500000627	None	1	1	[denethor_bucket]
5	640	0.1939704710000001	0.2916364200000032	0	0	[denethor_bucket]
102	185	0.1744064740000013	0.14742207200004032	0	0	[denethor_bucket]
103	185	0.10249109724999528	0.1620395409999702	0	0	[denethor_bucket]
104	339	0.10731786075000826	0.1618438324999687	0	0	[denethor_bucket]
105	187	0.10179942574999146	0.18197425699999314	0	0	[denethor_bucket]
106	245	0.10723559375000846	0.14393788999997525	0	0	[denethor_bucket]
107	301	0.10560497275000458	0.1576793000000407	0	0	[denethor_bucket]
108	191	0.1281401510000073	0.16083573550001518	0	0	[denethor_bucket]
109	421	0.10724825174999353	0.17190378550000673	0	0	[denethor_bucket]
110	481	0.09946976849999345	0.1525207574999854	0	0	[denethor_bucket]
111	539	0.11037747750000548	0.1704949999999883	0	0	[denethor_bucket]
112	640	0.10297974525001052	0.15598305750000918	0	0	[denethor_bucket]
370	185	1.7155098464999838	0.09738459149998846	0	0	[denethor_bucket]
376	396	0.448804014000018	0.16032344199999926	0	0	[denethor_bucket]
377	597	None	0.35784697750001015	0	0	[denethor_bucket]

#<vm1_cpu_slowdown> <vm2_cpu_slowdown> <vm3_cpu_slowdown>
1	0.8	0.75

#<vm1_storage> <vm2 _storage> <vm3_storage>
10000	10000	10000

#<vm1_cost> <vm2_cost> <vm3_cost>
1	1.3	1.5

#<vm_id> <bandwidth>
1	1000
2	1000
3	1000

#<task_id> <activity_id> <config_id> <task_time_total> <task_time_init> <task_time_cpu> <task_time_read> <task_time_write> <task_count>
1	1	1	0.90042	0.0	0.1068373099999493	0.39731436900001427	0.3962683210000364	1
1	1	2	1.93178	0.69515	0.16254185000002166	1.5367958539999904	0.2324422959999879	1
1	1	3	99999.0	99999.0	99999.0	99999.0	99999.0	0
1	1	4	99999.0	99999.0	99999.0	99999.0	99999.0	0
1	1	5	99999.0	99999.0	99999.0	99999.0	99999.0	0
2	1	1	1.38189	0.0	0.59086103599998	0.40026446500002066	0.39076449899999943	1
2	1	2	0.7154400000000001	0.0	0.3083447340000012	0.21458692499999188	0.19250834100000702	1
2	1	3	99999.0	99999.0	99999.0	99999.0	99999.0	0
2	1	4	99999.0	99999.0	99999.0	99999.0	99999.0	0
2	1	5	99999.0	99999.0	99999.0	99999.0	99999.0	0
51	2	1	99999.0	99999.0	99999.0	99999.0	99999.0	0
51	2	2	0.92359	0.0	0.1330403470000291	0.2221722880000243	0.5683773649999466	1
51	2	3	1.15421	0.74806	0.11143172899996853	0.6685447450000197	0.3742335260000118	1
51	2	4	99999.0	99999.0	99999.0	99999.0	99999.0	0
51	2	5	99999.0	99999.0	99999.0	99999.0	99999.0	0
52	2	1	99999.0	99999.0	99999.0	99999.0	99999.0	0
52	2	2	2.08166	0.0	0.16064571999999136	0.2649048069999935	1.656109473000015	1
52	2	3	1.17545	0.0	0.1178637719999806	0.12303613500000665	0.9345500930000128	1
52	2	4	99999.0	99999.0	99999.0	99999.0	99999.0	0
52	2	5	99999.0	99999.0	99999.0	99999.0	99999.0	0
334	3	1	99999.0	99999.0	99999.0	99999.0	99999.0	0
334	3	2	99999.0	99999.0	99999.0	99999.0	99999.0	0
334	3	3	1.6088	0.0	0.1073062359999119	1.3860941200001093	0.11539964399997871	1
334	3	4	1.41266	0.61182	0.060918833999989375	1.2723716270000125	0.07936953899999821	1
334	3	5	99999.0	99999.0	99999.0	99999.0	99999.0	0
335	3	1	99999.0	99999.0	99999.0	99999.0	99999.0	0
335	3	2	99999.0	99999.0	99999.0	99999.0	99999.0	0
335	3	3	1.60859	0.0	0.1154600970000463	1.355968268999959	0.1371616339999946	1
335	3	4	1.22404	0.0	0.06670549299999834	0.9738492569999977	0.18348525000000393	1
335	3	5	99999.0	99999.0	99999.0	99999.0	99999.0	0
336	4	1	2.5421	0.30897500000000006	0.019939161999988016	2.164313860500002	0.35784697750001015	2
336	4	2	99999.0	99999.0	99999.0	99999.0	99999.0	0
336	4	3	99999.0	99999.0	99999.0	99999.0	99999.0	0
336	4	4	99999.0	99999.0	99999.0	99999.0	99999.0	0
336	4	5	99999.0	99999.0	99999.0	99999.0	99999.0	0

#<task_id> <activity_id> <config_id> <task_cost> <task_count>
1	1	1	0.00000207587875	1
1	1	2	0.00000824909943	1
1	1	3	99999	0
1	1	4	99999	0
1	1	5	99999	0
2	1	1	0.00000307894326	1
2	1	2	0.00000318100596	1
2	1	3	99999	0
2	1	4	99999	0
2	1	5	99999	0
51	2	1	99999	0
51	2	2	0.00000404829936	1
51	2	3	0.0000098184359	1
51	2	4	99999	0
51	2	5	99999	0
52	2	1	99999	0
52	2	2	0.00000887360068	1
52	2	3	0.00000999543626	1
52	2	4	99999	0
52	2	5	99999	0
334	3	1	99999	0
334	3	2	99999	0
334	3	3	0.00001360669348	1
334	3	4	0.00002374438042	1
334	3	5	99999	0
335	3	1	99999	0
335	3	2	99999	0
335	3	3	0.00001360494348	1
335	3	4	0.00002060070747	1
335	3	5	99999	0
336	4	1	0.00000549605226	2
336	4	2	99999	0
336	4	3	99999	0
336	4	4	99999	0
336	4	5	99999	0

#<bucket_range_id> <size1_gb> <size2_gb> <cost_per_gb>
1	0	51200	0.0405
2	51200	460800	0.039
3	460800	99999999999999	0.037

