#<#tasks> <#config> <#data> <#vms> <#buckets> <#bucket_ranges> <max_running_time> <max_financial_cost>
7	5	18	5	1	3	8.548654053111386	0.00001920973156

#<task_id> <activity_id> <task_type__0-VM__1-VM_FX> <vm_cpu_time> <n_input> [<id_input>...] <n_output> [<id_output>...]
1	1	1	0.008449221961200237	1	[1]	1	[2]
2	1	1	0.03473688708618283	1	[3]	1	[4]
9	2	1	0.0013452689163386822	1	[2]	3	[5,6,7]
10	2	1	0.0042799810180440545	1	[4]	8	[8,9,10,11,12,13,14,15]
11	3	1	0.015590051072649658	11	[5,6,7,8,9,10,11,12,13,14,15]	1	[16]
12	3	1	0.01533561001997441	11	[5,6,7,8,9,10,11,12,13,14,15]	1	[17]
13	4	1	0.0006414559902623296	2	[16,17]	1	[18]

#<data_id> <data_size_bytes> <read_time_avg> <write_time_avg> <is_static> <n_source_devices> [<device_id>...]
1	1662	0.26572517299996434	None	1	1	[denethor_bucket]
2	339	0.2131304499999942	0.07367013500004305	0	0	[denethor_bucket]
3	2666	0.12550528799999938	None	1	1	[denethor_bucket]
4	640	0.0940112499999941	0.07746727699998246	0	0	[denethor_bucket]
5	185	0.12211223768817817	0.07305310000003828	0	0	[denethor_bucket]
6	185	0.12211223768817817	0.07809411999994609	0	0	[denethor_bucket]
7	339	0.1277687516747461	0.05706849000000602	0	0	[denethor_bucket]
8	187	0.12211223768817817	0.06617204000008314	0	0	[denethor_bucket]
9	245	0.12317064854079139	0.07300277100000585	0	0	[denethor_bucket]
10	301	0.1277687516747461	0.06995186900007866	0	0	[denethor_bucket]
11	191	0.12211223768817817	0.06404228999997486	0	0	[denethor_bucket]
12	421	0.11984930817943597	0.0644317299999102	0	0	[denethor_bucket]
13	481	0.11984930817943597	0.07286008000005495	0	0	[denethor_bucket]
14	539	0.12974315377691248	0.061747409000076914	0	0	[denethor_bucket]
15	640	0.12974315377691248	0.055086910999989414	0	0	[denethor_bucket]
16	185	0.19275783000000501	0.2097840090000318	0	0	[denethor_bucket]
17	396	0.11994931100002759	0.08532783199996175	0	0	[denethor_bucket]
18	597	None	0.09652882900002169	0	0	[denethor_bucket]

#<vm_id> <cpu_slowdown> <cost_per_second> <storage_bytes> <bandwidth_mbps>
1	1.00000	0.0000051670	8589934592	1250
2	0.50000	0.0000206670	8589934592	1250
3	0.25000	0.0000826720	8589934592	5000
4	0.12500	0.0001653330	8589934592	5000
5	0.03125	0.0006800000	8589934592	12500

#<task_id> <activity_id> <conf_id> <task_cost> <task_time_duration> <task_time_init> <task_time_cpu> <task_time_read> <task_time_write> <task_count>
1	1	1	0.00000142148161	0.58631	0.0	0.24691469199999255	0.26572517299996434	0.07367013500004305	1
2	1	1	0.00000200685778	0.86729	0.0	0.6643174350000182	0.12550528799999938	0.07746727699998246	1
9	2	1	0.0000013332731	0.5439700000000001	0.0	0.12262384000001543	0.2131304499999942	0.2082157099999904	1
10	2	1	0.00000183658661	0.7855599999999999	0.0	0.16425364999983186	0.0940112499999941	0.527295100000174	1
11	3	1	0.00000593049485	2.750632026555693	0.0	1.1745059909999682	1.3663420265556934	0.2097840090000318	1
12	3	1	0.0000056228484	2.6029620265556934	0.0	1.151292168000038	1.3663420265556934	0.08532783199996175	1
13	4	1	0.00000105818922	0.41193	0.0	0.0026940299999457127	0.3127071410000326	0.09652882900002169	1

#<bucket_range_id> <size1_bytes> <size2_bytes> <cost_per_byte>
1	0	54975581388800	0.0000000000377185642719268799
2	54975581388800	494780232499200	0.0000000000363215804100036621
3	494780232499200	107374182399998926258176	0.0000000000344589352607727051

