#<#tasks> <#config> <#data> <#devices> <#buckets> <#ranges> <max_running_time> <max_financial_cost>
16	3	43	3	1	3	1000	999999

#<task_id> <task_type 0-VM 1-FX> <vm_cpu_time> <n_input> [<id_input> ...] <n_output> [<id_output> ...]
1	1	1	1	[2]	1	[3]
2	1	1	1	[4]	1	[5]
3	1	1	1	[6]	1	[7]
4	1	1	1	[8]	1	[9]
5	1	1	1	[10]	1	[11]
51	1	1	1	[3]	3	[102,103,104]
52	1	1	1	[5]	8	[105,106,107,108,109,110,111,112]
53	1	1	1	[7]	8	[113,114,115,116,117,118,119,120]
54	1	1	1	[9]	7	[121,122,123,124,125,126,127]
55	1	1	1	[11]	7	[128,129,130,131,132,133,134]
1021	1	1	33	[102,103,104,105,106,107,108,109,110,111,112,113,114,115,116,117,118,119,120,121,122,123,124,125,126,127,128,129,130,131,132,133,134]	0	[None]
1022	1	1	33	[102,103,104,105,106,107,108,109,110,111,112,113,114,115,116,117,118,119,120,121,122,123,124,125,126,127,128,129,130,131,132,133,134]	0	[None]
1023	1	1	33	[102,103,104,105,106,107,108,109,110,111,112,113,114,115,116,117,118,119,120,121,122,123,124,125,126,127,128,129,130,131,132,133,134]	0	[None]
1024	1	1	33	[102,103,104,105,106,107,108,109,110,111,112,113,114,115,116,117,118,119,120,121,122,123,124,125,126,127,128,129,130,131,132,133,134]	0	[None]
1025	1	1	33	[102,103,104,105,106,107,108,109,110,111,112,113,114,115,116,117,118,119,120,121,122,123,124,125,126,127,128,129,130,131,132,133,134]	0	[None]
105	1	1	0	[None]	0	[None]

#<data_id> <data_size> <read_time_avg> <write_time_avg> <is_static 0-dynamic 1-static> <n_source_devices - 0 if dynamic > [<device_id> ... ]
2	1662	2.77967571100001	None	1	1	[denethor_bucket]
3	339	1.0772287559998404	0.38297351299999605	0	0	[denethor_bucket]
4	2666	0.37993280699998877	None	1	1	[denethor_bucket]
5	640	0.15434250800012705	0.37492856099999017	0	0	[denethor_bucket]
6	2666	0.36573221300000114	None	1	1	[denethor_bucket]
7	640	0.17044021400010934	0.3772531410000113	0	0	[denethor_bucket]
8	3358	0.3771314819999816	None	1	1	[denethor_bucket]
9	595	0.18285091899997497	0.35313731700000517	0	0	[denethor_bucket]
10	3213	0.3714730030000055	None	1	1	[denethor_bucket]
11	581	0.13978395300000557	0.37901164000001586	0	0	[denethor_bucket]
102	185	0.22732002360000367	0.1467475460001424	0	0	[denethor_bucket]
103	185	0.1153493219999973	0.1580406599998696	0	0	[denethor_bucket]
104	339	0.11101364220000391	0.16991158399991946	0	0	[denethor_bucket]
105	187	0.11484753139999385	0.16333126199992876	0	0	[denethor_bucket]
106	245	0.11449342839999303	0.14766724600008274	0	0	[denethor_bucket]
107	301	0.11457935100000327	0.13608508200013603	0	0	[denethor_bucket]
108	191	0.12448012139999491	0.14533254499997383	0	0	[denethor_bucket]
109	421	0.11215727279999897	0.1341020209999897	0	0	[denethor_bucket]
110	481	0.11122277840000834	0.1684998529999575	0	0	[denethor_bucket]
111	539	0.11962204080000448	0.18066244900001038	0	0	[denethor_bucket]
112	640	0.13611763380000638	0.16088223000019752	0	0	[denethor_bucket]
113	187	0.11088007740000308	0.1585671589998583	0	0	[denethor_bucket]
114	245	0.1108469360000072	0.16865937300008227	0	0	[denethor_bucket]
115	301	0.11120589940000514	0.15563611900006435	0	0	[denethor_bucket]
116	191	0.14879038880000053	0.13308135100010077	0	0	[denethor_bucket]
117	421	0.11048545300000115	0.13943680300008054	0	0	[denethor_bucket]
118	481	0.11301702840000304	0.18139092899991738	0	0	[denethor_bucket]
119	539	0.1352672097999971	0.38221254399991267	0	0	[denethor_bucket]
120	640	0.12401309260000062	0.16293976199995086	0	0	[denethor_bucket]
121	187	0.11229150780001192	0.1368238609998116	0	0	[denethor_bucket]
122	245	0.10948687640000117	0.1485622959999091	0	0	[denethor_bucket]
123	309	0.14376994499999682	0.16020198999990498	0	0	[denethor_bucket]
124	199	0.11613710240000046	0.14675311599989982	0	0	[denethor_bucket]
125	367	0.11305314580000073	0.1437317739998889	0	0	[denethor_bucket]
126	187	0.13048584480000044	0.18047020899985	0	0	[denethor_bucket]
127	595	0.11621580179999569	0.1609283709999545	0	0	[denethor_bucket]
128	187	0.11058598920000122	0.14427147500009596	0	0	[denethor_bucket]
129	191	0.11234978220000472	0.15554327900008502	0	0	[denethor_bucket]
130	243	0.11966698059999885	0.14033169200001794	0	0	[denethor_bucket]
131	363	0.11411346319999326	0.16582166299986056	0	0	[denethor_bucket]
132	421	0.1120939567999983	0.13759590200015737	0	0	[denethor_bucket]
133	191	0.10259754159999944	0.13586577099999886	0	0	[denethor_bucket]
134	581	0.11807752100000357	0.16656375299999127	0	0	[denethor_bucket]

#<vm1_cpu_slowdown> <vm2_cpu_slowdown> ... <vm*_cpu_slowdown>
1	0.8	0.75

#<vm1_storage> <vm2 _storage> ... <vm* _storage>
10000	10000	10000

#<vm1_cost> <vm2_cost> ... <vm*_cost>
1	1.3	1.5

#<vm_id> <bandwidth>
1	1000
2	1000
3	1000

#<task_id> <config_id> <task_time_total> <task_time_cpu> <task_time_read> <task_time_write>
1	1	3.47969	0.31704077599999414	2.77967571100001	0.38297351299999605
2	1	1.31809	0.563228632000021	0.37993280699998877	0.37492856099999017
3	1	1.30929	0.5663046459999875	0.36573221300000114	0.3772531410000113
4	1	1.4588599999999998	0.7285912010000132	0.3771314819999816	0.35313731700000517
5	1	1.57343	0.8229453569999787	0.3714730030000055	0.37901164000001586
51	2	1.66192	0.10999145400022826	1.0772287559998404	0.47469978999993145
52	2	1.52397	0.1330648039995965	0.15434250800012705	1.2365626880002765
53	2	1.78509	0.13272574599992346	0.17044021400010934	1.4819240399999671
54	2	1.39334	0.13301746400080605	0.18285091899997497	1.077471616999219
55	2	1.3014700000000001	0.11569251199978749	0.13978395300000557	1.045993535000207
1021	3	4.71965	0.8354326299998711	3.884217370000129	0.0
1022	3	4.90399	1.0377271140000122	3.866262885999988	0.0
1023	3	5.082800000000001	0.39518625900008103	4.687613740999919	0.0
1024	3	4.82443	1.0291481519999697	3.7952818480000308	0.0
1025	3	4.59656	0.8467623959999064	3.749797604000094	0.0
105	1	0.00639	0.00639	0.0	0.0

#<task_id> <config_id> <task_cost>
1	1	0.00000744936867
2	1	0.00000294602633
3	1	0.00000292769296
4	1	0.00000323929775
5	1	0.00000347798572
51	2	0.00000712468052
52	2	0.0000065498877
53	2	0.00000763788988
54	2	0.00000600559494
55	2	0.00000562280251
1021	3	0.00003953049533
1022	3	0.00004106666507
1023	3	0.00004255675138
1024	3	0.00004040366374
1025	3	0.00003850474328
105	1	0.00000021331253

#<range_id> <size1> <size2> <cost>
1	0	51200	0.0405
2	51200	460800	0.039
3	460800	99999999999999	0.037

