#<#tasks> <#config> <#data> <#vms> <#buckets> <#bucket_ranges> <max_running_time> <max_financial_cost>
7	5	18	3	1	3	1000	999999

#<task_id> <activity_id> <task_type__0-VM__1-FX> <vm_cpu_time> <n_input> [<id_input>...] <n_output> [<id_output>...]
1	1	1	99999	1	[2]	1	[3]
2	1	1	99999	1	[4]	1	[5]
51	2	1	99999	1	[3]	3	[102,103,104]
52	2	1	99999	1	[5]	8	[105,106,107,108,109,110,111,112]
334	3	1	99999	11	[102,103,104,105,106,107,108,109,110,111,112]	1	[370]
335	3	1	99999	11	[102,103,104,105,106,107,108,109,110,111,112]	1	[376]
336	4	1	99999	2	[370,376]	1	[377]

#<data_id> <data_size> <read_time_avg> <write_time_avg> <is_static> <n_source_devices> [<device_id>...]
2	1662	0.38546487000002116	None	1	1	[denethor_bucket]
3	339	0.4097573520000424	0.08526473000000578	0	0	[denethor_bucket]
4	2666	0.09353289900002437	None	1	1	[denethor_bucket]
5	640	0.10097218000004204	0.07943998000001784	0	0	[denethor_bucket]
102	185	0.2699662530000069	0.09787114199997404	0	0	[denethor_bucket]
103	185	0.13984486850000621	0.0799276710000072	0	0	[denethor_bucket]
104	339	0.13983319150003126	0.08340678100000787	0	0	[denethor_bucket]
105	187	0.12099080149999963	0.060113701999966906	0	0	[denethor_bucket]
106	245	0.14895028899996987	0.0989506550000101	0	0	[denethor_bucket]
107	301	0.12993105700007845	0.08029072499999756	0	0	[denethor_bucket]
108	191	0.13991428649995896	0.08200381599999673	0	0	[denethor_bucket]
109	421	0.14046964950006213	0.11752740299999687	0	0	[denethor_bucket]
110	481	0.1492748790000178	0.0799153440000282	0	0	[denethor_bucket]
111	539	0.12011198900006548	0.07994399099999328	0	0	[denethor_bucket]
112	640	0.13994284049999806	0.0798251169999844	0	0	[denethor_bucket]
370	185	0.4014784519999921	0.08462932300005832	0	0	[denethor_bucket]
376	396	0.1400459440000077	0.07663842299996304	0	0	[denethor_bucket]
377	597	None	0.109691808999969	0	0	[denethor_bucket]

#<vm1_cpu_slowdown> <vm2_cpu_slowdown> <vm3_cpu_slowdown>
1	0.8	0.75

#<vm1_storage> <vm2 _storage> <vm3_storage>
10000	10000	10000

#<vm1_cost> <vm2_cost> <vm3_cost>
1	1.3	1.5

#<vm_id> <bandwidth>
1	1000
2	1000
3	1000

#<task_id> <activity_id> <config_id> <task_time_total> <task_time_init> <task_time_cpu> <task_time_read> <task_time_write> <task_count>
1	1	1	0.82088	0.8464	0.35015039999997305	0.38546487000002116	0.08526473000000578	1
1	1	2	99999.0	99999.0	99999.0	99999.0	99999.0	0
1	1	3	99999.0	99999.0	99999.0	99999.0	99999.0	0
1	1	4	99999.0	99999.0	99999.0	99999.0	99999.0	0
1	1	5	99999.0	99999.0	99999.0	99999.0	99999.0	0
2	1	1	0.65752	0.0	0.4845471209999578	0.09353289900002437	0.07943998000001784	1
2	1	2	99999.0	99999.0	99999.0	99999.0	99999.0	0
2	1	3	99999.0	99999.0	99999.0	99999.0	99999.0	0
2	1	4	99999.0	99999.0	99999.0	99999.0	99999.0	0
2	1	5	99999.0	99999.0	99999.0	99999.0	99999.0	0
51	2	1	0.79255	0.8993	0.12158705399996848	0.4097573520000424	0.2612055939999891	1
51	2	2	99999.0	99999.0	99999.0	99999.0	99999.0	0
51	2	3	99999.0	99999.0	99999.0	99999.0	99999.0	0
51	2	4	99999.0	99999.0	99999.0	99999.0	99999.0	0
51	2	5	99999.0	99999.0	99999.0	99999.0	99999.0	0
52	2	1	0.9425800000000001	0.0	0.16303706699998397	0.10097218000004204	0.678570752999974	1
52	2	2	99999.0	99999.0	99999.0	99999.0	99999.0	0
52	2	3	99999.0	99999.0	99999.0	99999.0	99999.0	0
52	2	4	99999.0	99999.0	99999.0	99999.0	99999.0	0
52	2	5	99999.0	99999.0	99999.0	99999.0	99999.0	0
334	3	1	2.51679	0.83809	0.5776162339999328	1.8545444430000089	0.08462932300005832	1
334	3	2	99999.0	99999.0	99999.0	99999.0	99999.0	0
334	3	3	99999.0	99999.0	99999.0	99999.0	99999.0	0
334	3	4	99999.0	99999.0	99999.0	99999.0	99999.0	0
334	3	5	99999.0	99999.0	99999.0	99999.0	99999.0	0
335	3	1	2.06587	0.0	0.5653158099996562	1.4239157670003806	0.07663842299996304	1
335	3	2	99999.0	99999.0	99999.0	99999.0	99999.0	0
335	3	3	99999.0	99999.0	99999.0	99999.0	99999.0	0
335	3	4	99999.0	99999.0	99999.0	99999.0	99999.0	0
335	3	5	99999.0	99999.0	99999.0	99999.0	99999.0	0
336	4	1	0.66476	0.7557200000000001	0.013543795000031196	0.5415243959999998	0.109691808999969	1
336	4	2	99999.0	99999.0	99999.0	99999.0	99999.0	0
336	4	3	99999.0	99999.0	99999.0	99999.0	99999.0	0
336	4	4	99999.0	99999.0	99999.0	99999.0	99999.0	0
336	4	5	99999.0	99999.0	99999.0	99999.0	99999.0	0

#<task_id> <activity_id> <config_id> <task_cost> <task_count>
1	1	1	0.00000191017009	1
1	1	2	99999	0
1	1	3	99999	0
1	1	4	99999	0
1	1	5	99999	0
2	1	1	0.00000156983607	1
2	1	2	99999	0
2	1	3	99999	0
2	1	4	99999	0
2	1	5	99999	0
51	2	1	0.00000185114914	1
51	2	2	99999	0
51	2	3	99999	0
51	2	4	99999	0
51	2	5	99999	0
52	2	1	0.00000216371226	1
52	2	2	99999	0
52	2	3	99999	0
52	2	4	99999	0
52	2	5	99999	0
334	3	1	0.00000544332299	1
334	3	2	99999	0
334	3	3	99999	0
334	3	4	99999	0
334	3	5	99999	0
335	3	1	0.00000450390444	1
335	3	2	99999	0
335	3	3	99999	0
335	3	4	99999	0
335	3	5	99999	0
336	4	1	0.00000158491944	1
336	4	2	99999	0
336	4	3	99999	0
336	4	4	99999	0
336	4	5	99999	0

#<bucket_range_id> <size1_gb> <size2_gb> <cost_per_gb>
1	0	51200	0.0405
2	51200	460800	0.039
3	460800	99999999999999	0.037

