#<#tasks> <#config> <#data> <#vms> <#buckets> <#bucket_ranges> <max_running_time> <max_financial_cost>
7	5	18	3	1	3	1000	999999

#<task_id> <activity_id> <task_type__0-VM__1-FX> <vm_cpu_time> <n_input> [<id_input>...] <n_output> [<id_output>...]
1	1	1	99999	1	[2]	1	[3]
2	1	1	99999	1	[4]	1	[5]
51	2	1	99999	1	[3]	3	[102,103,104]
52	2	1	99999	1	[5]	8	[105,106,107,108,109,110,111,112]
334	3	1	99999	11	[102,103,104,105,106,107,108,109,110,111,112]	1	[370]
335	3	1	99999	11	[102,103,104,105,106,107,108,109,110,111,112]	1	[376]
336	4	1	99999	2	[370,376]	1	[377]

#<data_id> <data_size> <read_time_avg> <write_time_avg> <is_static> <n_source_devices> [<device_id>...]
2	1662	0.268775629500027	None	1	1	[denethor_bucket]
3	339	0.27144325200004005	0.06560875899990037	0	0	[denethor_bucket]
4	2666	0.07409389300011071	None	1	1	[denethor_bucket]
5	640	0.07643081850002886	0.06250086449986725	0	0	[denethor_bucket]
102	185	0.1807584027499729	0.07731573050008933	0	0	[denethor_bucket]
103	185	0.09765028400002507	0.059846843500082514	0	0	[denethor_bucket]
104	339	0.10173510250015738	0.0635212149999802	0	0	[denethor_bucket]
105	187	0.08969786824988546	0.05058352650013376	0	0	[denethor_bucket]
106	245	0.10523811400005911	0.06972870400002762	0	0	[denethor_bucket]
107	301	0.10291103800003043	0.05989748849995635	0	0	[denethor_bucket]
108	191	0.09963229199999546	0.06222713750003095	0	0	[denethor_bucket]
109	421	0.10030754450005475	0.07861667600005262	0	0	[denethor_bucket]
110	481	0.10449360975002264	0.05735833400001411	0	0	[denethor_bucket]
111	539	0.09006406650013332	0.06717058550012212	0	0	[denethor_bucket]
112	640	0.09988293599997178	0.058717148499937366	0	0	[denethor_bucket]
370	185	0.26440307899997606	0.06332226850003053	0	0	[denethor_bucket]
376	396	0.10173362300014333	0.06046699050006055	0	0	[denethor_bucket]
377	597	None	0.07670322499996018	0	0	[denethor_bucket]

#<vm1_cpu_slowdown> <vm2_cpu_slowdown> <vm3_cpu_slowdown>
1	0.8	0.75

#<vm1_storage> <vm2 _storage> <vm3_storage>
10000	10000	10000

#<vm1_cost> <vm2_cost> <vm3_cost>
1	1.3	1.5

#<vm_id> <bandwidth>
1	1000
2	1000
3	1000

#<task_id> <activity_id> <config_id> <task_time_total> <task_time_init> <task_time_cpu> <task_time_read> <task_time_write> <task_count>
1	1	1	0.82088	0.8464	0.35015039999997305	0.38546487000002116	0.08526473000000578	1
1	1	2	0.37593000000000004	0.0	0.17789082300017225	0.1520863890000328	0.045952787999794964	1
1	1	3	99999.0	99999.0	99999.0	99999.0	99999.0	0
1	1	4	99999.0	99999.0	99999.0	99999.0	99999.0	0
1	1	5	99999.0	99999.0	99999.0	99999.0	99999.0	0
2	1	1	0.65752	0.0	0.4845471209999578	0.09353289900002437	0.07943998000001784	1
2	1	2	0.46926	0.0	0.3690433640000863	0.05465488700019705	0.045561748999716656	1
2	1	3	99999.0	99999.0	99999.0	99999.0	99999.0	0
2	1	4	99999.0	99999.0	99999.0	99999.0	99999.0	0
2	1	5	99999.0	99999.0	99999.0	99999.0	99999.0	0
51	2	1	0.79255	0.8993	0.12158705399996848	0.4097573520000424	0.2612055939999891	1
51	2	2	0.38564	0.0	0.11234886399964727	0.13312915200003772	0.140161984000315	1
51	2	3	99999.0	99999.0	99999.0	99999.0	99999.0	0
51	2	4	99999.0	99999.0	99999.0	99999.0	99999.0	0
51	2	5	99999.0	99999.0	99999.0	99999.0	99999.0	0
52	2	1	0.9425800000000001	0.0	0.16303706699998397	0.10097218000004204	0.678570752999974	1
52	2	2	0.50508	0.0	0.12316209499940857	0.05188945700001568	0.33002844800057574	1
52	2	3	99999.0	99999.0	99999.0	99999.0	99999.0	0
52	2	4	99999.0	99999.0	99999.0	99999.0	99999.0	0
52	2	5	99999.0	99999.0	99999.0	99999.0	99999.0	0
334	3	1	2.51679	0.83809	0.5776162339999328	1.8545444430000089	0.08462932300005832	1
334	3	2	1.0869000000000002	0.0	0.3052998519999478	0.7395849340000495	0.04201521400000274	1
334	3	3	99999.0	99999.0	99999.0	99999.0	99999.0	0
334	3	4	99999.0	99999.0	99999.0	99999.0	99999.0	0
334	3	5	99999.0	99999.0	99999.0	99999.0	99999.0	0
335	3	1	2.06587	0.0	0.5653158099996562	1.4239157670003806	0.07663842299996304	1
335	3	2	1.0213400000000001	0.0	0.30560455299904776	0.6714398890007942	0.04429555800015805	1
335	3	3	99999.0	99999.0	99999.0	99999.0	99999.0	0
335	3	4	99999.0	99999.0	99999.0	99999.0	99999.0	0
335	3	5	99999.0	99999.0	99999.0	99999.0	99999.0	0
336	4	1	0.66476	0.7557200000000001	0.013543795000031196	0.5415243959999998	0.109691808999969	1
336	4	2	0.25168	0.0	0.017216350999809664	0.19074900800023897	0.04371464099995137	1
336	4	3	99999.0	99999.0	99999.0	99999.0	99999.0	0
336	4	4	99999.0	99999.0	99999.0	99999.0	99999.0	0
336	4	5	99999.0	99999.0	99999.0	99999.0	99999.0	0

#<task_id> <activity_id> <config_id> <task_cost> <task_count>
1	1	1	0.00000191017009	1
1	1	2	0.00000176637813	1
1	1	3	99999	0
1	1	4	99999	0
1	1	5	99999	0
2	1	1	0.00000156983607	1
2	1	2	0.00000215525391	1
2	1	3	99999	0
2	1	4	99999	0
2	1	5	99999	0
51	2	1	0.00000185114914	1
51	2	2	0.00000180683655	1
51	2	3	99999	0
51	2	4	99999	0
51	2	5	99999	0
52	2	1	0.00000216371226	1
52	2	2	0.00000230450421	1
52	2	3	99999	0
52	2	4	99999	0
52	2	5	99999	0
334	3	1	0.00000544332299	1
334	3	2	0.00000472875906	1
334	3	3	99999	0
334	3	4	99999	0
334	3	5	99999	0
335	3	1	0.00000450390444	1
335	3	2	0.00000445559184	1
335	3	3	99999	0
335	3	4	99999	0
335	3	5	99999	0
336	4	1	0.00000158491944	1
336	4	2	0.00000124866876	1
336	4	3	99999	0
336	4	4	99999	0
336	4	5	99999	0

#<bucket_range_id> <size1_gb> <size2_gb> <cost_per_gb>
1	0	51200	0.0405
2	51200	460800	0.039
3	460800	99999999999999	0.037

