#<#tasks> <#config> <#data> <#devices_vms> <#buckets> <#ranges> <max_running_time> <max_financial_cost>
18	4	49	3	1	3	1000	999999

#<task_id> <activity_id> <task_type__0-VM__1-FX> <vm_cpu_time> <n_input> [<id_input>...] <n_output> [<id_output>...]
1	1	1	99999	1	[2]	1	[3]
2	1	1	99999	1	[4]	1	[5]
3	1	1	99999	1	[6]	1	[7]
4	1	1	99999	1	[8]	1	[9]
5	1	1	99999	1	[10]	1	[11]
51	2	1	99999	1	[3]	3	[102,103,104]
52	2	1	99999	1	[5]	8	[105,106,107,108,109,110,111,112]
53	2	1	99999	1	[7]	8	[113,114,115,116,117,118,119,120]
54	2	1	99999	1	[9]	7	[121,122,123,124,125,126,127]
55	2	1	99999	1	[11]	7	[128,129,130,131,132,133,134]
102	3	1	99999	33	[102,103,104,105,106,107,108,109,110,111,112,113,114,115,116,117,118,119,120,121,122,123,124,125,126,127,128,129,130,131,132,133,134]	0	[None]
105	4	1	99999	0	[None]	0	[None]
328	3	1	99999	33	[102,103,104,105,106,107,108,109,110,111,112,113,114,115,116,117,118,119,120,121,122,123,124,125,126,127,128,129,130,131,132,133,134]	1	[370]
329	3	1	99999	33	[102,103,104,105,106,107,108,109,110,111,112,113,114,115,116,117,118,119,120,121,122,123,124,125,126,127,128,129,130,131,132,133,134]	1	[371]
330	3	1	99999	33	[102,103,104,105,106,107,108,109,110,111,112,113,114,115,116,117,118,119,120,121,122,123,124,125,126,127,128,129,130,131,132,133,134]	1	[372]
331	3	1	99999	33	[102,103,104,105,106,107,108,109,110,111,112,113,114,115,116,117,118,119,120,121,122,123,124,125,126,127,128,129,130,131,132,133,134]	1	[373]
332	3	1	99999	33	[102,103,104,105,106,107,108,109,110,111,112,113,114,115,116,117,118,119,120,121,122,123,124,125,126,127,128,129,130,131,132,133,134]	1	[374]
333	4	1	99999	5	[370,371,372,373,374]	1	[375]

#<data_id> <data_size> <read_time_avg> <write_time_avg> <is_static> <n_source_devices> [<device_id>...]
2	1662	2.0607601134997964	None	1	1	[denethor_bucket]
3	339	0.8658761564999224	0.2980113869999599	0	0	[denethor_bucket]
4	2666	0.27627820349997023	None	1	1	[denethor_bucket]
5	640	0.13418485300006466	0.2791825855000809	0	0	[denethor_bucket]
6	2666	0.27939742499995646	None	1	1	[denethor_bucket]
7	640	0.1418756915000614	0.29779950500007146	0	0	[denethor_bucket]
8	3358	0.2770085045000883	None	1	1	[denethor_bucket]
9	595	0.1811329469999805	0.2735444210000537	0	0	[denethor_bucket]
10	3213	0.2871416204999946	None	1	1	[denethor_bucket]
11	581	0.1306986635000129	0.2900438239998806	0	0	[denethor_bucket]
102	185	0.18605797230000293	0.13355426750007382	0	0	[denethor_bucket]
103	185	0.09949086609999824	0.13760492799994495	0	0	[denethor_bucket]
104	339	0.09734036850000223	0.1430577019999646	0	0	[denethor_bucket]
105	187	0.09706811400000391	0.14501114749995736	0	0	[denethor_bucket]
106	245	0.0961078104999956	0.12797205100002884	0	0	[denethor_bucket]
107	301	0.09676770520000276	0.12237430700007224	0	0	[denethor_bucket]
108	191	0.09911430899999517	0.12643861799998035	0	0	[denethor_bucket]
109	421	0.100936984599997	0.12626490249999733	0	0	[denethor_bucket]
110	481	0.09514842899999963	0.13609102649996885	0	0	[denethor_bucket]
111	539	0.09934022690000291	0.14567782950000208	0	0	[denethor_bucket]
112	640	0.10841429580000295	0.12777208850009458	0	0	[denethor_bucket]
113	187	0.09662838610000223	0.1329916544999321	0	0	[denethor_bucket]
114	245	0.09275971659999982	0.12733593350003503	0	0	[denethor_bucket]
115	301	0.09582325420000189	0.13700024950003353	0	0	[denethor_bucket]
116	191	0.11216880980000213	0.12511524650005867	0	0	[denethor_bucket]
117	421	0.09535865930000682	0.11900163250004425	0	0	[denethor_bucket]
118	481	0.09559544579999794	0.13673734599994702	0	0	[denethor_bucket]
119	539	0.10840105070000448	0.2935867104999659	0	0	[denethor_bucket]
120	640	0.10399013760000174	0.13720483849996867	0	0	[denethor_bucket]
121	187	0.09485585530000265	0.12386221299991007	0	0	[denethor_bucket]
122	245	0.09536508909999952	0.1654043554999589	0	0	[denethor_bucket]
123	309	0.11701643689999629	0.1473790709999463	0	0	[denethor_bucket]
124	199	0.09461851359999685	0.11727589349995071	0	0	[denethor_bucket]
125	367	0.10761254579999502	0.1318634869999471	0	0	[denethor_bucket]
126	187	0.11086379019999697	0.1409853874999243	0	0	[denethor_bucket]
127	595	0.10395489009999608	0.1306809604999728	0	0	[denethor_bucket]
128	187	0.09416489349999893	0.12749741100004996	0	0	[denethor_bucket]
129	191	0.09541468220000411	0.1298196240000351	0	0	[denethor_bucket]
130	243	0.10652711130000513	0.1279261220000194	0	0	[denethor_bucket]
131	363	0.09829141539999853	0.13997253249993946	0	0	[denethor_bucket]
132	421	0.09312553850000142	0.11797089150007878	0	0	[denethor_bucket]
133	191	0.08977790899999719	0.12106856249999964	0	0	[denethor_bucket]
134	581	0.09883032570000126	0.14071093949999636	0	0	[denethor_bucket]
370	185	2.899821090000003	0.06880644400001756	0	0	[denethor_bucket]
371	5180	0.39873477900000864	0.09555466800000545	0	0	[denethor_bucket]
372	5134	0.3989295770000041	0.07669341999999801	0	0	[denethor_bucket]
373	355	0.41881818199999543	0.1061128720000113	0	0	[denethor_bucket]
374	355	0.37876317900000345	0.1231975799999816	0	0	[denethor_bucket]
375	10990	None	0.40223391700000377	0	0	[denethor_bucket]

#<vm1_cpu_slowdown> <vm2_cpu_slowdown> <vm3_cpu_slowdown>
1	0.8	0.75

#<vm1_storage> <vm2 _storage> <vm3_storage>
10000	10000	10000

#<vm1_cost> <vm2_cost> <vm3_cost>
1	1.3	1.5

#<vm_id> <bandwidth>
1	1000
2	1000
3	1000

#<task_id> <config_id> <task_time_total> <task_time_cpu> <task_time_read> <task_time_write>
1	2	1.6864700000000001	0.13157622300049365	1.3418445159995827	0.21304926099992372
1	1	3.47969	0.31704077599999414	2.77967571100001	0.38297351299999605
2	1	1.31809	0.563228632000021	0.37993280699998877	0.37492856099999017
2	2	0.61977	0.26370978999987665	0.1726235999999517	0.18343661000017164
3	1	1.30929	0.5663046459999875	0.36573221300000114	0.3772531410000113
3	2	0.68138	0.26997149399995657	0.19306263699991177	0.21834586900013164
4	1	1.4588599999999998	0.7285912010000132	0.3771314819999816	0.35313731700000517
4	2	0.70868	0.3378429479997027	0.176885527000195	0.19395152500010227
5	2	0.80414	0.400253754000271	0.20281023799998366	0.20107600799974534
5	1	1.57343	0.8229453569999787	0.3714730030000055	0.37901164000001586
51	2	1.66192	0.10999145400022826	1.0772287559998404	0.47469978999993145
51	3	1.11902	0.11076243799996019	0.6545235570000045	0.35373400500003527
52	2	1.52397	0.1330648039995965	0.15434250800012705	1.2365626880002765
52	3	1.10901	0.11634154900007093	0.11402719800000227	0.8786412529999268
53	2	1.78509	0.13272574599992346	0.17044021400010934	1.4819240399999671
53	3	1.16544	0.11610564799998338	0.11331116900001348	0.9360231830000032
54	2	1.39334	0.13301746400080605	0.18285091899997497	1.077471616999219
54	3	1.13213	0.11528390600001262	0.17941497499998604	0.8374311190000014
55	2	1.3014700000000001	0.11569251199978749	0.13978395300000557	1.045993535000207
55	3	1.00947	0.12391799499994932	0.12161337400002026	0.7639386310000305
102	3	4.59656	0.8467623959999064	3.749797604000094	0.0
102	3	5.082800000000001	0.39518625900008103	4.687613740999919	0.0
102	3	4.82443	1.0291481519999697	3.7952818480000308	0.0
102	3	4.90399	1.0377271140000122	3.866262885999988	0.0
102	3	4.71965	0.8354326299998711	3.884217370000129	0.0
105	1	0.00639	0.00639	0.0	0.0
328	4	3.46675	0.1996082440000846	3.198335311999898	0.06880644400001756
329	4	3.29028	0.4891746440000063	2.7055506879999887	0.09555466800000545
330	4	3.0773200000000003	0.5031988009999543	2.497427779000048	0.07669341999999801
331	4	3.26294	0.40571754800002535	2.7511095799999636	0.1061128720000113
332	4	3.1728899999999998	0.41597384199997645	2.633718578000042	0.1231975799999816
333	1	4.921939999999999	0.024639275999982033	4.495066807000014	0.40223391700000377

#<task_id> <config_id> <task_cost>
1	2	0.00000722697239
1	1	0.00000744936867
2	1	0.00000294602633
2	2	0.00000278238016
3	1	0.00000292769296
3	2	0.00000303908901
4	1	0.00000323929775
4	2	0.00000315283924
5	2	0.00000355059003
5	1	0.00000347798572
51	2	0.00000712468052
51	3	0.00000952518532
52	2	0.0000065498877
52	3	0.00000944176848
53	2	0.00000763788988
53	3	0.00000991201942
54	2	0.00000600559494
54	3	0.00000963443554
55	2	0.00000562280251
55	3	0.00000861226682
102	3	0.00003850474328
102	3	0.00004255675138
102	3	0.00004040366374
102	3	0.00004106666507
102	3	0.00003953049533
105	1	0.00000021331253
328	4	0.00005797928223
329	4	0.00005503810968
330	4	0.00005148876924
331	4	0.0000545824421
332	4	0.00005308160576
333	1	0.00001045406217

#<range_id> <size1> <size2> <cost>
1	0	51200	0.0405
2	51200	460800	0.039
3	460800	99999999999999	0.037

