#<#tasks> <#config> <#data> <#devices_vms> <#buckets> <#ranges> <max_running_time> <max_financial_cost>
9	4	18	3	1	3	1000	999999

#<task_id> <activity_id> <task_type__0-VM__1-FX> <vm_cpu_time> <n_input> [<id_input>...] <n_output> [<id_output>...]
1	1	1	99999	1	[2]	1	[3]
2	1	1	99999	1	[4]	1	[5]
51	2	1	99999	1	[3]	3	[102,103,104]
52	2	1	99999	1	[5]	8	[105,106,107,108,109,110,111,112]
101	3	1	99999	11	[102,103,104,105,106,107,108,109,110,111,112]	0	[None]
105	4	1	99999	0	[None]	0	[None]
334	3	1	99999	11	[102,103,104,105,106,107,108,109,110,111,112]	1	[370]
335	3	1	99999	11	[102,103,104,105,106,107,108,109,110,111,112]	1	[376]
336	4	1	99999	2	[370,376]	1	[377]

#<data_id> <data_size> <read_time_avg> <write_time_avg> <is_static> <n_source_devices> [<device_id>...]
2	1662	2.1534109329999893	None	1	1	[denethor_bucket]
3	339	0.9356637810000024	0.2934278874999876	0	0	[denethor_bucket]
4	2666	0.29852703599999586	None	1	1	[denethor_bucket]
5	640	0.1598498310000025	0.28736683500000026	0	0	[denethor_bucket]
102	185	0.3049920442500067	0.1432150189999959	0	0	[denethor_bucket]
103	185	0.1025430947499899	0.1665308964999923	0	0	[denethor_bucket]
104	339	0.10301422050000042	0.14995988850002107	0	0	[denethor_bucket]
105	187	0.0978553767499939	0.13530961849998846	0	0	[denethor_bucket]
106	245	0.10362829499999648	0.13561631900000748	0	0	[denethor_bucket]
107	301	0.099409700749991	0.16349044200001117	0	0	[denethor_bucket]
108	191	0.098096457999997	0.15076729300000125	0	0	[denethor_bucket]
109	421	0.10450976999999995	0.16092205300000728	0	0	[denethor_bucket]
110	481	0.10015442550000131	0.15774476499998968	0	0	[denethor_bucket]
111	539	0.108332887250004	0.17198856349999403	0	0	[denethor_bucket]
112	640	0.10115905125000069	0.147213627499994	0	0	[denethor_bucket]
370	185	3.0398810819999937	0.07936953899999821	0	0	[denethor_bucket]
376	396	0.41889889899999844	0.18348525000000393	0	0	[denethor_bucket]
377	597	None	0.35795502899999576	0	0	[denethor_bucket]

#<vm1_cpu_slowdown> <vm2_cpu_slowdown> <vm3_cpu_slowdown>
1	0.8	0.75

#<vm1_storage> <vm2 _storage> <vm3_storage>
10000	10000	10000

#<vm1_cost> <vm2_cost> <vm3_cost>
1	1.3	1.5

#<vm_id> <bandwidth>
1	1000
2	1000
3	1000

#<task_id> <config_id> <task_time_total> <task_time_cpu> <task_time_read> <task_time_write>
1	2	1.93178	0.16254185000002166	1.5367958539999904	0.2324422959999879
1	1	3.45486	0.3304205090000244	2.7700260119999887	0.3544134789999873
2	2	0.7154400000000001	0.3083447340000012	0.21458692499999188	0.19250834100000702
2	1	1.32428	0.5595875240000067	0.38246714699999984	0.3822253289999935
51	3	1.15421	0.11143172899996853	0.6685447450000197	0.3742335260000118
51	2	1.8613	0.11333910100000821	1.202782816999985	0.5451780820000067
52	3	1.17545	0.1178637719999806	0.12303613500000665	0.9345500930000128
52	2	1.85881	0.1505912030000277	0.19666352699999834	1.511555269999974
101	3	1.91286	0.11042719700004046	1.8024328029999594	0.0
101	3	1.36429	0.11816239100004418	1.2461276089999558	0.0
105	1	0.01914	0.01914	0.0	0.0
334	4	1.41266	0.060918833999989375	1.2723716270000125	0.07936953899999821
335	4	1.22404	0.06670549299999834	0.9738492569999977	0.18348525000000393
336	1	3.84933	0.03259499000001222	3.458779980999992	0.35795502899999576

#<task_id> <config_id> <task_cost>
1	2	0.00000824909943
1	1	0.0000073976394
2	2	0.00000318100596
2	1	0.00000295892218
51	3	0.0000098184359
51	2	0.00000795543218
52	3	0.00000999543626
52	2	0.00000794505716
101	3	0.00001614053188
101	3	0.00001156910607
105	1	0.00000023987508
334	4	0.00002374438042
335	4	0.00002060070747
336	1	0.00000821945354

#<range_id> <size1> <size2> <cost>
1	0	51200	0.0405
2	51200	460800	0.039
3	460800	99999999999999	0.037

