#<#tasks> <#config> <#data> <#vms> <#buckets> <#bucket_ranges> <max_running_time> <max_financial_cost>
8	2	14	2	1	3	100.0	0.1

#<task_id> <activity_id> <task_type__0-VM__1-VM_FX> <vm_cpu_time> <n_input> [<id_input>...] <n_output> [<id_output>...]
10	1	1	4.0000	1	[90]	1	[92]
11	1	1	9.0000	1	[92]	1	[93]
12	2	1	1.0000	1	[91]	1	[94]
13	2	1	1.0000	1	[91]	2	[95,96]
14	3	1	3.0000	1	[93]	4	[97,98,99,910]
15	3	1	10.0000	1	[94]	1	[911]
16	4	1	6.0000	2	[95,96]	1	[912]
17	4	1	2.0000	6	[97,98,99,910,911,912]	1	[913]

#<data_id> <data_size_bytes> <read_time_avg> <write_time_avg> <is_static> <n_source_devices> [<device_id>...]
90	1561	5.0000	None	1	1	[denethor_bucket]
92	376	2.0000	1.0000	0	0	[denethor_bucket]
93	585	1.0000	1.0000	0	0	[denethor_bucket]
91	1772	4.0000	None	1	1	[denethor_bucket]
94	432	2.0000	2.0000	0	0	[denethor_bucket]
95	1178	4.0000	3.0000	0	0	[denethor_bucket]
96	587	1.0000	3.0000	0	0	[denethor_bucket]
97	497	1.0000	3.0000	0	0	[denethor_bucket]
98	1842	4.0000	1.0000	0	0	[denethor_bucket]
99	1619	4.0000	2.0000	0	0	[denethor_bucket]
910	678	2.0000	1.0000	0	0	[denethor_bucket]
911	1904	1.0000	3.0000	0	0	[denethor_bucket]
912	1707	3.0000	2.0000	0	0	[denethor_bucket]
913	1426	4.0000	2.0000	0	0	[denethor_bucket]

#<vm_id> <cpu_slowdown> <cost_per_second> <storage_bytes> <bandwidth_mbps>
1	1.00000	0.0000051670	8589934592	1250
2	0.50000	0.0000206670	8589934592	1250

#<task_id> <activity_id> <conf_id> <task_cost> <task_time_duration> <task_time_init> <task_time_cpu> <task_time_read> <task_time_write> <task_count>
10	1	1	0.0000200000	10.0000	0.0000	4.0000	5.0000	1.0000	6
10	1	2	0.0000304754	8.5067	0.0000	2.5067	5.0000	1.0000	10
11	1	1	0.0000450000	12.0000	0.0000	9.0000	2.0000	1.0000	7
11	1	2	0.0000698238	8.9877	0.0000	5.9877	2.0000	1.0000	1
12	2	1	0.0000050000	7.0000	0.0000	1.0000	4.0000	2.0000	10
12	2	2	0.0000072880	6.6831	0.0000	0.6831	4.0000	2.0000	8
13	2	1	0.0000050000	11.0000	0.0000	1.0000	4.0000	6.0000	2
13	2	2	0.0000069656	10.6113	0.0000	0.6113	4.0000	6.0000	3
14	3	1	0.0000150000	11.0000	0.0000	3.0000	1.0000	7.0000	7
14	3	2	0.0000246082	9.9741	0.0000	1.9741	1.0000	7.0000	5
15	3	1	0.0000500000	15.0000	0.0000	10.0000	2.0000	3.0000	4
15	3	2	0.0000605915	10.6279	0.0000	5.6279	2.0000	3.0000	8
16	4	1	0.0000300000	13.0000	0.0000	6.0000	5.0000	2.0000	7
16	4	2	0.0000426087	10.4952	0.0000	3.4952	5.0000	2.0000	6
17	4	1	0.0000100000	19.0000	0.0000	2.0000	15.0000	2.0000	4
17	4	2	0.0000155806	18.3213	0.0000	1.3213	15.0000	2.0000	9

#<bucket_range_id> <size1_bytes> <size2_bytes> <cost_per_byte>
1	0	54975581388800	0.0000000000377185642719268799
2	54975581388800	494780232499200	0.0000000000363215804100036621
3	494780232499200	107374182399998926258176	0.0000000000344589352607727051

